340 340 340 340 340 340 340 340 340 340 340 340 340 340 340 340 340 340 340 340 340 340 340 340 340 340 340 340 340 340 340 340 340 340 340 340 340 340 340 340 340 340 340 340 340 340 340 340 340 340 340 340 340 340 340 340 340 340 340 340 340 340
340 340 340 340 340 340 340 340 340 340 340 340 340 340 340 340 340 340 340 340 340 340 340 340 340 340 340 340 340 340 340 340 340 340 340 340 340 340 340 340 340 340 340 340 340 340 340 340 340 340 340 340 340 340 340 340 340 340 340 340 340 340
340 340 4 12 12 12 12 12 12 12 12 11 340 340 340 340 340 340 340 340 340 340 340 340 340 340 340 340 340 340 340 340 340 340 340 340 340 340 340 340 340 340 340 340 340 340 340 340 340 340 4 12 12 12 12 12 12 12 12 11 340 340
340 340 6 36 36 36 36 36 36 36 36 7 340 340 340 340 340 340 340 340 340 340 340 340 340 340 340 340 340 340 340 340 340 340 340 340 340 340 340 340 340 340 340 340 340 340 340 340 340 340 6 36 36 36 36 36 36 36 36 7 340 340
340 340 6 36 36 36 36 36 36 36 36 7 340 340 340 340 340 340 340 340 340 340 340 340 340 340 340 340 340 340 340 340 340 340 340 340 340 340 340 340 340 340 340 340 340 340 340 340 340 340 6 36 36 36 36 36 36 36 36 7 340 340
340 340 6 36 36 36 36 36 36 36 36 7 340 340 340 340 340 340 340 340 340 340 340 340 340 340 4 12 12 12 12 12 12 12 12 12 12 12 12 12 12 11 340 340 340 340 340 340 340 340 6 36 36 36 36 36 36 36 36 7 340 340
340 340 6 36 36 36 36 36 36 36 36 7 340 340 340 340 340 340 340 340 340 340 340 340 340 340 6 36 36 36 36 36 36 36 36 36 36 36 36 36 36 7 340 340 340 340 340 340 340 340 6 36 36 36 36 36 36 36 36 7 340 340
340 340 6 36 36 36 36 36 36 36 36 7 340 340 340 340 340 340 340 340 340 340 340 340 340 340 6 36 36 36 36 36 36 36 36 36 36 36 36 36 36 7 340 340 340 340 340 340 340 340 6 36 36 36 36 36 36 36 36 7 340 340
340 340 6 36 36 36 36 36 36 36 36 7 340 340 340 340 340 340 340 340 340 340 340 340 340 340 6 36 36 4 13 13 13 13 13 13 13 13 11 36 36 7 340 340 340 340 340 340 340 340 6 36 36 36 36 36 36 36 36 7 340 340
340 340 6 36 36 36 36 36 36 36 36 7 340 340 340 340 340 340 340 340 340 340 340 340 340 340 6 36 36 7 340 340 340 340 340 340 340 340 6 36 36 7 340 340 340 340 340 340 340 340 6 36 36 36 36 36 36 36 36 7 340 340
340 340 8 13 13 11 36 36 4 13 13 15 340 340 340 340 340 340 340 340 340 340 340 340 340 340 6 36 36 7 340 340 340 340 340 340 340 340 6 36 36 7 340 340 340 340 340 340 340 340 8 13 13 11 36 36 4 13 13 15 340 340
340 340 340 340 340 6 36 36 7 340 340 340 340 340 340 340 340 340 340 340 340 340 340 340 340 340 6 36 36 7 340 340 340 340 340 340 340 340 6 36 36 7 340 340 340 340 340 340 340 340 340 340 340 6 36 36 7 340 340 340 340 340
340 340 340 340 340 6 36 36 7 340 340 340 340 340 340 340 340 340 340 340 340 340 340 340 340 340 6 36 36 7 340 340 340 340 340 340 340 340 6 36 36 7 340 340 340 340 340 340 340 340 340 340 340 6 36 36 7 340 340 340 340 340
340 340 340 340 340 6 36 36 7 340 340 340 340 340 340 340 340 340 340 340 340 340 340 340 340 340 6 36 36 7 340 340 340 340 340 340 340 340 6 36 36 7 340 340 340 340 340 340 340 340 340 340 340 6 36 36 7 340 340 340 340 340
340 340 340 340 340 6 36 36 7 340 340 340 340 4 12 12 12 12 12 12 12 12 12 12 12 12 15 36 36 7 340 340 340 340 340 340 340 340 6 36 36 7 340 340 340 340 340 340 340 340 340 340 340 6 36 36 7 340 340 340 340 340
340 340 340 340 340 6 36 36 7 340 340 340 340 6 36 36 36 36 36 36 36 36 36 36 36 36 36 36 36 7 340 340 340 340 340 340 340 340 6 36 36 7 340 340 340 340 340 340 340 340 340 340 340 6 36 36 7 340 340 340 340 340
340 340 340 340 340 6 36 36 7 340 340 340 340 6 36 36 36 36 36 36 36 36 36 36 36 36 36 36 36 7 340 340 340 340 340 340 340 340 6 36 36 7 340 340 340 340 340 340 340 340 340 340 340 6 36 36 7 340 340 340 340 340
340 340 340 340 340 6 36 36 7 340 340 340 340 6 36 36 4 13 13 13 13 13 13 13 13 13 13 13 13 15 340 340 340 340 340 340 340 340 6 36 36 7 340 340 340 340 340 340 340 340 340 340 340 6 36 36 7 340 340 340 340 340
340 340 340 340 340 6 36 36 7 340 340 340 340 6 36 36 7 340 340 270 277 278 277 279 278 277 278 279 277 278 278 278 277 279 277 278 262 340 6 36 36 7 340 340 340 340 340 340 340 340 340 340 340 6 36 36 7 340 340 340 340 340
340 340 340 340 340 6 36 36 7 340 340 340 340 6 36 36 7 340 340 274 318 206 213 214 214 214 214 215 213 214 214 213 214 214 214 198 264 340 6 36 36 7 340 340 340 340 340 340 340 340 340 340 340 6 36 36 7 340 340 340 340 340
340 340 340 340 340 6 36 36 7 340 340 340 340 6 36 36 7 340 340 275 318 208 313 313 313 313 314 313 313 313 313 313 314 313 313 201 264 340 6 36 36 7 340 340 340 340 340 340 340 340 340 340 340 6 36 36 7 340 340 340 340 340
340 340 340 340 340 6 36 36 7 340 340 340 340 6 36 36 7 340 340 275 318 209 313 314 313 314 313 313 314 313 313 313 313 313 313 200 263 340 6 36 36 7 340 340 340 340 340 340 340 340 340 340 340 6 36 36 7 340 340 340 340 340
340 340 340 340 340 6 36 36 8 12 12 12 12 15 36 36 7 340 340 274 318 208 313 313 313 313 314 314 313 313 313 313 313 314 313 201 265 340 6 36 36 7 340 340 340 340 340 340 340 340 340 340 340 6 36 36 7 340 340 340 340 340
340 340 340 340 340 6 36 36 36 36 36 36 36 36 36 36 7 340 340 274 318 192 195 212 313 313 313 313 313 314 313 313 313 313 313 199 264 340 6 36 36 7 340 340 340 340 340 340 340 340 340 340 340 6 36 36 7 340 340 340 340 340
340 340 340 340 340 6 36 36 36 36 36 36 36 36 36 36 7 340 340 275 318 318 318 210 314 313 314 313 313 313 313 313 314 313 313 201 265 340 6 36 36 7 340 340 340 340 340 340 340 340 340 340 340 6 36 36 7 340 340 340 340 340
340 340 340 340 340 8 13 13 13 13 13 13 13 13 13 13 15 340 340 273 318 318 318 193 195 196 195 195 194 196 195 194 196 195 195 190 263 340 6 36 36 7 340 340 340 340 340 340 340 340 340 340 340 6 36 36 7 340 340 340 340 340
340 340 340 340 340 340 340 340 340 340 340 340 340 340 340 340 340 340 340 257 258 259 259 259 259 260 258 259 258 259 259 258 259 258 259 259 254 340 6 36 36 7 340 340 340 340 340 340 340 340 340 340 340 6 36 36 7 340 340 340 340 340
340 340 340 340 340 340 340 340 340 340 340 340 340 340 340 340 340 340 340 340 340 340 340 340 340 340 340 340 340 340 340 340 340 340 340 340 340 340 6 36 36 7 340 340 340 340 340 340 340 340 340 340 340 6 36 36 7 340 340 340 340 340
340 340 340 340 340 340 340 340 340 340 340 340 340 340 340 340 340 340 340 340 340 340 340 340 340 4 12 12 12 12 12 12 12 12 12 12 12 12 15 36 36 8 12 12 12 12 12 12 12 12 11 340 340 6 36 36 7 340 340 340 340 340
340 340 340 340 340 340 340 340 340 340 340 340 340 340 340 340 340 340 340 340 340 340 340 340 340 6 36 36 36 36 36 36 36 36 36 36 36 36 36 36 36 36 36 36 36 36 36 36 36 36 7 340 340 6 36 36 7 340 340 340 340 340
340 340 340 340 340 340 340 340 340 340 340 340 340 340 340 340 340 340 340 340 340 340 340 340 340 6 36 36 36 36 36 36 36 36 36 36 36 36 36 36 36 36 36 36 36 36 36 36 36 36 7 340 340 6 36 36 7 340 340 340 340 340
340 340 340 340 340 340 340 340 340 340 340 340 340 340 340 340 340 340 340 340 340 340 340 340 340 6 36 36 4 13 13 13 13 13 13 13 13 13 11 36 36 4 13 13 13 13 13 11 36 36 7 340 340 6 36 36 7 340 340 340 340 340
340 340 340 340 340 340 340 340 340 340 340 340 340 340 340 340 340 340 340 340 340 340 340 340 340 6 36 36 6 340 340 340 340 340 340 340 340 340 6 36 36 7 340 340 340 340 340 6 36 36 7 340 340 6 36 36 7 340 340 340 340 340
340 340 340 340 340 340 340 340 340 340 340 340 340 340 340 340 340 340 340 340 340 340 340 340 340 6 36 36 8 11 340 340 340 340 340 340 340 340 6 36 36 7 340 340 340 340 340 6 36 36 7 340 340 6 36 36 7 340 340 340 340 340
340 340 340 340 340 340 340 340 340 340 340 340 340 340 340 340 340 340 340 340 340 340 340 340 340 6 36 36 36 8 11 340 340 340 340 340 340 340 6 36 36 7 340 340 340 340 340 6 36 36 7 340 340 6 36 36 7 340 340 340 340 340
340 340 340 340 340 340 340 340 340 340 340 340 340 340 340 340 340 340 340 340 340 340 340 340 340 8 11 36 36 36 8 11 340 340 340 340 340 340 6 36 36 7 340 340 340 340 340 6 36 36 8 12 12 15 36 36 7 340 340 340 340 340
340 340 340 340 340 340 340 340 340 340 340 340 340 340 340 340 340 340 340 340 340 340 340 340 340 340 8 11 36 36 36 8 12 12 12 12 12 12 15 36 36 7 340 340 340 340 340 6 36 36 36 36 36 36 36 36 7 340 340 340 340 340
340 340 340 340 340 340 340 340 340 340 340 340 340 340 340 340 340 340 340 340 340 340 340 340 340 340 340 8 11 36 36 36 36 36 36 36 36 36 36 36 36 7 340 340 340 340 340 6 36 36 36 36 36 36 36 36 7 340 340 340 340 340
340 340 340 340 340 340 340 340 340 340 340 340 340 340 340 340 340 340 340 340 340 340 340 340 340 340 340 340 8 11 36 36 36 36 36 36 36 36 36 36 36 7 340 340 340 340 340 8 13 13 13 13 13 13 13 13 15 340 340 340 340 340
340 340 340 340 340 340 340 340 340 340 340 340 340 340 340 340 340 340 340 340 340 340 340 340 340 340 340 340 340 8 13 13 13 13 13 13 13 13 13 13 13 15 340 340 340 340 340 340 340 340 340 340 340 340 340 340 340 340 340 340 340 340
340 340 340 340 340 340 340 340 340 340 340 340 340 340 340 340 340 340 340 340 340 340 340 340 340 340 340 340 340 340 340 340 340 340 340 340 340 340 340 340 340 340 340 340 340 340 340 340 340 340 340 340 340 340 340 340 340 340 340 340 340 340
340 340 340 340 340 340 340 340 340 340 340 340 340 340 340 340 340 340 340 340 340 340 340 340 340 340 340 340 340 340 340 340 340 340 340 340 340 340 340 340 340 340 340 340 340 340 340 340 340 340 340 340 340 340 340 340 340 340 340 340 340 340
